

Histograma de la Imagen: /home/computacion/Descargas/Practica3-2/Clase-1/G2-1.jpg

6206|61|12351|69|67|0|24|2|2|1|14|0|14|0|17|0|55|2|286|12|39|0|13|0|14|2|166|9|786|11|2234|90|12276|239|145324|143|340|11|69|1|4|0|16|1|229|13|111|4|24|7|71|7|17|0|5|0|18|13|125|8|2357|29|5033|80|47|23|247|21|8|0|3|0|0|0|0|0|2|0|7|0|0|0|9|0|1|0|0|0|0|0|4|0|14|5|41|10|65|15|142|9|16|1|8|0|1|0|2|0|17|3|12|0|1|3|10|0|2|0|1|0|2|0|9|0|56|6|87|17|3|20|21|33|0|0|0|0|0|0|0|0|0|0|0|0|0|4|1|17|0|0|0|0|0|1|1|11|1|7|5|87|22|116|107|205|2|8|2|4|0|0|0|0|1|7|0|11|1|5|2|9|0|0|0|0|0|8|1|13|1|27|6|108|20|279|195|1148|2|15|5|31|0|2|0|12|0|4|3|24|1|26|6|80|0|2|1|1|0|7|4|80|7|2319|28|4490|26|1137|217|3320|9|97|9|124|0|11|3|21|10|61|8|209|1|47|12|170|1|4|3|51|2|53|16|213|55|5130|102|326163|

Histograma de la Imagen: /home/computacion/Descargas/Practica3-2/Clase-1/G2-2.jpg

177|0|268|0|0|0|0|0|0|0|0|0|0|0|0|0|0|0|0|0|0|0|0|0|0|0|0|0|0|0|0|0|91|0|183|0|0|0|0|0|0|0|0|0|0|0|0|0|0|0|0|0|0|0|0|0|0|0|0|0|0|0|17366|72|0|0|0|0|0|0|0|0|0|0|0|0|0|0|0|0|0|0|0|0|0|0|0|0|0|0|0|0|0|0|0|0|0|0|0|0|0|0|0|0|0|0|0|0|0|0|0|0|0|0|0|0|0|0|0|0|0|0|0|0|0|0|72|8|0|0|0|0|0|0|0|0|0|0|0|0|0|0|0|0|0|0|0|0|0|0|0|0|0|0|0|0|0|0|0|0|0|0|0|0|0|0|0|0|0|0|0|0|0|0|0|0|0|0|0|0|0|0|0|0|0|0|0|0|0|0|13|67|0|0|0|0|0|0|0|0|0|0|0|0|0|0|0|0|0|0|0|0|0|0|0|0|0|0|0|0|0|1210|0|5559|0|0|0|17348|0|0|0|73|0|0|0|13|0|0|0|68|0|0|0|73|0|0|0|8|0|0|0|68|0|2198|67|9754|

Histograma de la Imagen: /home/computacion/Descargas/Practica3-2/Clase-2/heretics-2.jpg

436|24|854|40|14|3|86|5|2|0|15|0|14|3|45|22|17|0|25|1|1|0|6|0|9|1|8|0|44|4|222|15|840|26|1522|27|18|1|133|0|15|0|12|0|8|1|122|1|98|0|135|1|3|0|12|0|37|2|119|3|297|19|12129|49|26|7|25|5|0|0|0|1|1|0|2|0|1|0|2|0|3|0|0|0|0|0|0|0|0|0|1|0|4|0|20|4|33|11|25|3|1|0|1|0|4|0|0|0|2|0|2|0|4|0|5|0|0|0|0|0|28|0|4|0|12|4|52|6|0|16|4|49|0|4|0|9|0|0|0|0|1|0|3|4|0|0|0|0|0|1|0|0|0|0|0|1|0|2|23|16|2|6|15|59|0|1|2|2|0|1|0|0|0|1|2|4|1|1|0|4|0|0|0|0|3|0|1|0|14|7|15|50|19|66|16|397|0|13|0|15|0|0|0|1|0|4|2|17|4|7|1|8|0|1|0|1|5|6|0|8|1|610|8|750|49|376|50|12868|0|4|3|98|0|0|2|31|0|8|0|90|15|12|5|85|0|0|0|28|7|13|1|82|19|768|55|14931|

Histograma de la Imagen: /home/computacion/Descargas/Practica3-2/Clase-2/heretics-1.jpg

276|6|546|12|2|0|28|1|5|0|2|0|6|2|25|8|3|0|11|0|2|0|1|0|5|0|12|0|91|6|313|22|541|13|10258|14|7|0|29|4|2|0|6|0|4|2|25|2|36|0|28|1|1|0|2|1|33|0|23|0|241|17|7912|50|2|0|5|1|0|0|1|0|0|0|0|0|0|0|0|0|0|0|1|0|0|0|0|0|0|0|0|0|3|0|12|0|12|0|10|3|0|0|1|1|0|0|0|0|0|0|1|1|1|0|1|0|0|0|0|0|5|1|4|0|35|5|63|6|3|6|0|9|1|2|1|0|0|0|0|0|0|0|0|4|0|0|0|0|0|0|0|0|0|1|0|0|0|2|1|31|0|5|3|19|0|0|0|3|0|0|0|0|0|0|0|1|0|0|0|2|0|0|0|0|0|0|0|0|0|8|4|48|3|25|6|57|0|0|0|4|0|0|0|2|0|2|0|8|0|1|0|12|0|0|0|7|0|0|0|3|1|181|18|470|4|53|7|7025|1|4|0|11|0|1|0|4|0|9|0|25|2|3|1|10|0|2|0|8|0|11|1|25|57|495|47|27032|